image_width: 1920
image_height: 1080
camera_name: default_cam
camera_matrix:
  rows: 3
  cols: 3
  data: [1006.169784, 0.000000, 889.440621, 0.000000, 1010.894558, 565.222468, 0.000000, 0.000000, 1.000000]
distortion_model: rational_polynomial
distortion_coefficients:
  rows: 1
  cols: 8
  data: [-0.715848, 0.271126, 0.000716, 0.005153, 0.038022, -0.401032, 0.019527, 0.146593]
rectification_matrix:
  rows: 3
  cols: 3
  data: [1.000000, 0.000000, 0.000000, 0.000000, 1.000000, 0.000000, 0.000000, 0.000000, 1.000000]
projection_matrix:
  rows: 3
  cols: 4
  data: [662.152405, 0.000000, 877.144922, 0.000000, 0.000000, 910.455139, 571.458693, 0.000000, 0.000000, 0.000000, 1.000000, 0.000000]
